10000886,22:54,scraped
10000831,22:55,estimated
10000874,22:57,scraped
10000872,22:57,estimated
10000825,22:58,estimated
13001204,22:59,scraped
10000856,23:01,estimated
10000802,23:03,scraped
10000802,23:05,scraped
90000016,23:08,scraped
90000461,23:08,estimated
90000239,23:11,scraped
90000240,23:11,estimated
90000046,23:12,estimated
90000047,23:14,scraped
90000048,23:15,estimated
90000049,23:16,estimated
90000050,23:17,estimated
90000295,23:18,scraped